[ -5.24192185e-07   7.69263914e-06   1.47786216e-06 ...,   2.11310175e-06
   6.01450334e-07   0.00000000e+00]
[ -4.63929983e-08   8.04525149e-07   2.38524804e-07 ...,   4.00162623e-07
   9.24518209e-08   0.00000000e+00]
[  5.66106164e-08  -8.23456492e-07  -1.94567148e-06 ...,  -2.08370873e-06
  -4.42372414e-07   0.00000000e+00]
[ -3.14413218e-08   2.88781734e-07   5.73901409e-07 ...,   1.19357188e-06
   1.33025237e-07   0.00000000e+00]
[  4.69197038e-07  -6.49253044e-06  -1.80105860e-05 ...,  -1.08194684e-06
  -3.37384474e-07   0.00000000e+00]
[  2.28377373e-05   6.14766387e-07   1.75026110e-06 ...,   1.68748051e-06
   4.71281376e-07   0.00000000e+00]
[  2.69152053e-07   1.19415142e-07   4.92292338e-07 ...,   6.55807270e-07
   3.03818205e-07   0.00000000e+00]
[  2.77558624e-08   4.58440189e-08   1.92827050e-07 ...,   1.70506422e-07
   3.81860023e-08   0.00000000e+00]
[  2.76270719e-09   2.37803337e-08   5.64667884e-08 ...,   5.26526177e-08
   1.71066636e-08   0.00000000e+00]
[ -1.97095717e-10  -1.06308177e-09  -1.45703825e-08 ...,  -3.80039664e-08
  -9.89786099e-10   0.00000000e+00]
